----- CALIBRATION RESULTS -----

Camera Calibrated: 0.18016364956238276

Camera Matrix:

[[366.25221103   0.         328.569337  ]
 [  0.         366.03222058 257.50966816]
 [  0.           0.           1.        ]]

Distorsion Parameters:

[[-4.33335626e-01  3.05397255e-01 -9.04351256e-04 -4.00971331e-05
  -1.56826014e-01]]

Rotation Vectors:

(array([[ 0.50424707],
       [ 0.06320334],
       [-0.08796431]]), array([[0.30600203],
       [0.05443257],
       [0.02934955]]), array([[ 0.39102276],
       [ 0.16878994],
       [-0.07358921]]), array([[ 0.27387003],
       [ 0.24658937],
       [-0.13761023]]), array([[-0.04371332],
       [ 0.29218285],
       [-0.07481749]]), array([[ 0.03073837],
       [ 0.15852954],
       [-0.01925444]]), array([[ 0.15226218],
       [-0.03113358],
       [ 0.16854737]]), array([[ 0.20170497],
       [-0.06827722],
       [ 0.19187654]]), array([[ 0.27731479],
       [-0.09614493],
       [ 0.13536812]]), array([[ 0.36526579],
       [-0.18156334],
       [ 0.02117012]]), array([[ 0.46867895],
       [-0.23105354],
       [-0.07047681]]), array([[ 0.16858999],
       [ 0.09920765],
       [-0.13797071]]), array([[ 0.56165501],
       [-0.04669537],
       [-0.01507638]]), array([[0.20229587],
       [0.11410917],
       [0.03533915]]), array([[0.1786254 ],
       [0.0510397 ],
       [0.03485254]]), array([[0.16725544],
       [0.04568854],
       [0.01922913]]), array([[0.23498794],
       [0.06414019],
       [0.01442358]]), array([[0.29247681],
       [0.05618903],
       [0.01146324]]), array([[ 0.29747396],
       [ 0.11306444],
       [-0.01260445]]), array([[0.3190239 ],
       [0.01053422],
       [0.0184216 ]]))

Translation Vectors:

(array([[-6.7385918 ],
       [-2.01523527],
       [14.27591984]]), array([[-4.32279444],
       [-3.47126383],
       [13.17245553]]), array([[-3.74702664],
       [-2.53855637],
       [13.99826152]]), array([[-5.72395429],
       [-0.64753878],
       [14.24204327]]), array([[-5.30405145],
       [-2.91767122],
       [16.69761635]]), array([[-5.65829874],
       [-5.29042974],
       [15.55281985]]), array([[-0.52144027],
       [-5.12805996],
       [13.9268656 ]]), array([[ 1.112833  ],
       [-5.16945545],
       [13.66519787]]), array([[ 0.91250516],
       [-4.70598816],
       [14.09842792]]), array([[-0.46134737],
       [-2.82477347],
       [13.764419  ]]), array([[-1.44321186],
       [-1.87930806],
       [13.92268386]]), array([[-7.0778007 ],
       [-2.7512796 ],
       [14.51591664]]), array([[-3.62120291],
       [-2.8438757 ],
       [14.09986596]]), array([[-2.85463436],
       [-4.32785163],
       [18.37078243]]), array([[-3.64327456],
       [-3.5593882 ],
       [21.08023635]]), array([[-3.25303884],
       [-3.22409743],
       [25.26848725]]), array([[-4.3711641 ],
       [-2.21364423],
       [12.91848892]]), array([[-4.503012  ],
       [-2.63592428],
       [10.91336524]]), array([[-5.2947996 ],
       [-2.54090858],
       [11.39472094]]), array([[-5.14238596],
       [-5.30793963],
       [11.80172862]]))