----- CALIBRATION RESULTS -----

Camera Calibrated: 0.27409735779823274

Camera Matrix:

[[1.48997644e+03 0.00000000e+00 1.33312227e+03]
 [0.00000000e+00 1.49064246e+03 1.04047375e+03]
 [0.00000000e+00 0.00000000e+00 1.00000000e+00]]

Distorsion Parameters:

[[-4.27129787e-01  2.83679739e-01  2.27856146e-04  6.81989131e-05
  -1.27764731e-01]]

Rotation Vectors:

(array([[ 0.39578083],
       [-0.00130356],
       [ 0.02301135]]), array([[ 0.456719  ],
       [-0.25437138],
       [ 0.03306106]]), array([[ 0.18788842],
       [ 0.35489836],
       [-0.02020509]]), array([[ 0.26065585],
       [-0.11677028],
       [-0.0299723 ]]), array([[ 0.36593928],
       [-0.00847128],
       [-0.06937244]]), array([[ 0.30133386],
       [-0.3938941 ],
       [ 0.06313966]]), array([[ 0.04394735],
       [-0.39257226],
       [ 0.25406937]]), array([[ 0.18893724],
       [ 0.40235845],
       [-0.08583529]]), array([[ 0.56050391],
       [ 0.10674381],
       [-0.03121054]]), array([[ 0.23798087],
       [ 0.30615071],
       [-0.17215694]]), array([[-0.00349827],
       [-0.20337293],
       [ 0.10978215]]), array([[ 0.51176199],
       [-0.12375639],
       [ 0.01921367]]), array([[ 0.51661195],
       [-0.51897903],
       [ 0.04447892]]), array([[ 0.09960247],
       [-0.57804173],
       [ 0.13464174]]), array([[0.32957499],
       [0.36677419],
       [0.05220569]]), array([[ 0.00331585],
       [-0.41273433],
       [ 0.25382909]]), array([[ 0.27396832],
       [-0.13120646],
       [ 0.12258148]]))

Translation Vectors:

(array([[-4.70506702],
       [-4.53772211],
       [14.88983943]]), array([[-3.3326538 ],
       [-2.86926683],
       [ 7.79126745]]), array([[-4.07758161],
       [-3.76576596],
       [10.55405624]]), array([[-4.16037249],
       [-3.63192735],
       [ 7.96689789]]), array([[-4.32602239],
       [-5.43171939],
       [14.27492944]]), array([[-3.83772435],
       [-4.68078452],
       [11.29178857]]), array([[-5.30383097],
       [-6.24284135],
       [12.7627373 ]]), array([[-3.08275601],
       [-5.03145344],
       [14.72788126]]), array([[-3.31388986],
       [-1.52931985],
       [13.83067148]]), array([[-8.07368134],
       [-4.00289755],
       [15.00898686]]), array([[-3.65942128],
       [-4.80107471],
       [14.11135339]]), array([[-4.46794548],
       [-3.70670941],
       [10.33935472]]), array([[-5.05364934],
       [-3.59689158],
       [ 8.40489931]]), array([[-5.14695465],
       [-5.02268653],
       [12.23386886]]), array([[-3.94059099],
       [-4.39243278],
       [13.8026589 ]]), array([[-3.70343327],
       [-5.39397425],
       [11.57875084]]), array([[-3.49225627],
       [-5.08881121],
       [ 9.2900343 ]]))